1
1000
43
480
363
775
867
987
758
583
511
638
936
294
531
285
922
29
386
283
692
664
8
988
503
4
874
364
18
192
919
427
149
565
515
258
152
310
12
996
967
430
998
41
983
870
628
453
144
509
180
898
33
485
271
122
915
187
495
537
268
932
718
330
979
895
145
780
649
810
442
436
738
800
869
540
771
547
975
944
660
591
513
169
912
179
790
244
61
104
256
431
24
211
580
406
197
748
140
651
759
909
990
802
162
136
143
38
23
265
383
767
419
44
382
950
492
560
274
508
823
566
202
405
63
762
394
107
755
34
200
745
740
602
506
440
722
462
715
89
947
380
746
78
678
316
633
731
289
254
655
842
526
886
412
452
847
301
370
688
146
46
308
287
621
510
616
724
248
422
282
195
691
160
346
574
818
159
690
358
538
429
137
276
558
882
64
851
423
938
19
494
925
519
792
22
198
835
438
132
720
42
514
984
557
627
863
876
789
318
465
322
91
976
401
267
212
230
97
490
648
885
95
536
530
498
76
836
549
551
577
702
461
852
82
742
595
237
827
468
114
127
291
280
174
905
388
391
751
587
72
135
675
314
920
354
981
663
272
708
914
750
103
478
501
163
600
737
479
399
293
832
400
497
204
972
424
290
588
106
872
582
303
332
335
721
733
7
610
603
246
352
942
924
680
15
784
816
613
338
224
819
421
309
45
650
36
37
134
629
535
476
900
719
74
213
620
960
313
444
763
154
167
623
782
964
573
117
67
218
706
147
251
550
153
542
39
227
59
255
460
325
171
887
634
697
753
40
105
640
779
781
190
32
487
408
108
658
10
86
411
866
826
350
347
586
387
881
892
971
704
348
433
931
955
88
220
969
116
636
360
51
525
27
165
921
772
269
632
686
31
156
916
606
402
770
752
215
939
70
799
339
236
854
393
94
351
223
307
133
562
521
456
830
970
50
962
853
601
805
356
615
754
257
647
417
860
183
672
53
578
435
71
709
6
112
270
389
208
625
262
903
986
822
897
923
858
131
761
410
320
913
884
249
201
734
592
829
841
596
711
563
806
659
791
864
315
184
635
121
155
552
833
807
604
855
484
714
439
340
585
516
259
652
544
684
520
128
441
199
849
666
327
502
467
278
295
534
302
825
336
619
890
670
457
896
324
139
966
55
500
28
81
877
3
943
564
217
857
683
469
409
945
992
343
161
166
512
203
928
261
749
788
590
5
813
483
778
934
209
404
696
30
894
252
937
703
168
873
373
472
216
459
637
505
173
682
723
118
219
359
958
848
87
193
273
306
407
111
83
470
148
548
918
679
464
868
798
875
85
115
695
443
231
150
312
207
699
698
611
977
247
693
946
266
553
716
626
576
98
414
182
337
911
828
228
862
326
668
991
624
396
355
35
188
677
838
729
804
16
607
786
879
814
594
933
671
665
809
589
222
181
214
138
917
90
68
843
878
113
541
567
178
831
899
194
233
840
527
948
630
102
783
888
119
989
861
151
126
482
1
978
930
473
110
447
661
839
674
48
109
959
766
66
491
579
568
644
556
850
432
546
820
712
288
471
935
418
653
689
817
837
522
570
643
349
871
420
904
26
129
656
865
238
186
569
993
646
493
377
883
120
726
732
9
561
572
687
631
234
777
571
75
79
730
528
554
450
226
428
298
374
787
304
331
54
62
941
507
599
69
437
455
21
717
908
319
997
834
956
612
451
189
100
982
235
185
99
367
713
662
341
844
739
980
801
125
735
281
142
608
381
795
710
694
84
172
92
504
776
927
952
229
609
93
757
954
284
299
264
52
760
311
584
728
286
263
926
812
177
253
811
371
333
785
277
297
196
47
973
593
329
907
797
474
769
2
559
808
764
701
727
426
768
130
486
275
123
859
170
357
241
642
292
529
13
545
824
361
164
929
300
794
392
999
328
743
57
539
323
141
317
741
321
176
488
618
598
575
378
56
725
334
765
880
175
239
605
597
403
856
279
243
673
645
205
206
49
446
517
73
518
342
397
366
368
390
901
845
747
744
191
240
773
968
344
385
158
949
676
532
685
700
384
910
415
963
372
242
846
376
96
533
499
524
974
543
902
416
245
60
622
705
654
951
669
449
793
965
17
225
296
796
489
379
961
434
466
365
80
667
803
260
523
707
756
458
58
681
821
614
953
14
496
889
445
398
463
454
893
65
425
210
25
345
1000
906
124
815
940
11
957
375
891
250
736
641
774
985
20
77
232
101
362
617
481
221
477
157
369
475
994
555
395
413
448
657
353
581
639
995
305